c = 39*2*37*35*2*33*31*29*23
% 40!/(20!20!)